2021/07/28-12:31:28.703004 70001019b000 RocksDB version: 5.18.4
2021/07/28-12:31:28.703083 70001019b000 Git sha rocksdb_build_git_sha:b9a4a10659969c71e6f6eab4e4bae8c36ede919f
2021/07/28-12:31:28.703087 70001019b000 Compile date Mar 11 2020
2021/07/28-12:31:28.703089 70001019b000 DB SUMMARY
2021/07/28-12:31:28.703499 70001019b000 SST files in /Users/salmanazamkhan/Documents/power-consumption-analysis-using-kafka-streams/backend/power-consumption-analysis/state-store/GlobalStreamListener-process-applicationId/0_0/KSTREAM-JOINTHIS-0000000004-store/KSTREAM-JOINTHIS-0000000004-store.1166572800000 dir, Total Num: 0, files: 
2021/07/28-12:31:28.703506 70001019b000 Write Ahead Log file in /Users/salmanazamkhan/Documents/power-consumption-analysis-using-kafka-streams/backend/power-consumption-analysis/state-store/GlobalStreamListener-process-applicationId/0_0/KSTREAM-JOINTHIS-0000000004-store/KSTREAM-JOINTHIS-0000000004-store.1166572800000: 
2021/07/28-12:31:28.703509 70001019b000                         Options.error_if_exists: 0
2021/07/28-12:31:28.703510 70001019b000                       Options.create_if_missing: 1
2021/07/28-12:31:28.703512 70001019b000                         Options.paranoid_checks: 1
2021/07/28-12:31:28.703513 70001019b000                                     Options.env: 0x135525308
2021/07/28-12:31:28.703514 70001019b000                                Options.info_log: 0x7f808b8eabe0
2021/07/28-12:31:28.703516 70001019b000                Options.max_file_opening_threads: 16
2021/07/28-12:31:28.703517 70001019b000                              Options.statistics: 0x0
2021/07/28-12:31:28.703518 70001019b000                               Options.use_fsync: 0
2021/07/28-12:31:28.703519 70001019b000                       Options.max_log_file_size: 0
2021/07/28-12:31:28.703521 70001019b000                  Options.max_manifest_file_size: 1073741824
2021/07/28-12:31:28.703522 70001019b000                   Options.log_file_time_to_roll: 0
2021/07/28-12:31:28.703523 70001019b000                       Options.keep_log_file_num: 1000
2021/07/28-12:31:28.703524 70001019b000                    Options.recycle_log_file_num: 0
2021/07/28-12:31:28.703526 70001019b000                         Options.allow_fallocate: 1
2021/07/28-12:31:28.703527 70001019b000                        Options.allow_mmap_reads: 0
2021/07/28-12:31:28.703528 70001019b000                       Options.allow_mmap_writes: 0
2021/07/28-12:31:28.703529 70001019b000                        Options.use_direct_reads: 0
2021/07/28-12:31:28.703530 70001019b000                        Options.use_direct_io_for_flush_and_compaction: 0
2021/07/28-12:31:28.703531 70001019b000          Options.create_missing_column_families: 0
2021/07/28-12:31:28.703533 70001019b000                              Options.db_log_dir: 
2021/07/28-12:31:28.703534 70001019b000                                 Options.wal_dir: /Users/salmanazamkhan/Documents/power-consumption-analysis-using-kafka-streams/backend/power-consumption-analysis/state-store/GlobalStreamListener-process-applicationId/0_0/KSTREAM-JOINTHIS-0000000004-store/KSTREAM-JOINTHIS-0000000004-store.1166572800000
2021/07/28-12:31:28.703535 70001019b000                Options.table_cache_numshardbits: 6
2021/07/28-12:31:28.703536 70001019b000                      Options.max_subcompactions: 1
2021/07/28-12:31:28.703538 70001019b000                  Options.max_background_flushes: -1
2021/07/28-12:31:28.703539 70001019b000                         Options.WAL_ttl_seconds: 0
2021/07/28-12:31:28.703540 70001019b000                       Options.WAL_size_limit_MB: 0
2021/07/28-12:31:28.703541 70001019b000             Options.manifest_preallocation_size: 4194304
2021/07/28-12:31:28.703542 70001019b000                     Options.is_fd_close_on_exec: 1
2021/07/28-12:31:28.703544 70001019b000                   Options.advise_random_on_open: 1
2021/07/28-12:31:28.703545 70001019b000                    Options.db_write_buffer_size: 0
2021/07/28-12:31:28.703546 70001019b000                    Options.write_buffer_manager: 0x7f808c70c560
2021/07/28-12:31:28.703547 70001019b000         Options.access_hint_on_compaction_start: 1
2021/07/28-12:31:28.703589 70001019b000  Options.new_table_reader_for_compaction_inputs: 0
2021/07/28-12:31:28.703591 70001019b000           Options.random_access_max_buffer_size: 1048576
2021/07/28-12:31:28.703592 70001019b000                      Options.use_adaptive_mutex: 0
2021/07/28-12:31:28.703593 70001019b000                            Options.rate_limiter: 0x0
2021/07/28-12:31:28.703595 70001019b000     Options.sst_file_manager.rate_bytes_per_sec: 0
2021/07/28-12:31:28.703596 70001019b000                       Options.wal_recovery_mode: 2
2021/07/28-12:31:28.703597 70001019b000                  Options.enable_thread_tracking: 0
2021/07/28-12:31:28.703598 70001019b000                  Options.enable_pipelined_write: 0
2021/07/28-12:31:28.703600 70001019b000         Options.allow_concurrent_memtable_write: 1
2021/07/28-12:31:28.703601 70001019b000      Options.enable_write_thread_adaptive_yield: 1
2021/07/28-12:31:28.703602 70001019b000             Options.write_thread_max_yield_usec: 100
2021/07/28-12:31:28.703603 70001019b000            Options.write_thread_slow_yield_usec: 3
2021/07/28-12:31:28.703604 70001019b000                               Options.row_cache: None
2021/07/28-12:31:28.703605 70001019b000                              Options.wal_filter: None
2021/07/28-12:31:28.703607 70001019b000             Options.avoid_flush_during_recovery: 0
2021/07/28-12:31:28.703608 70001019b000             Options.allow_ingest_behind: 0
2021/07/28-12:31:28.703609 70001019b000             Options.preserve_deletes: 0
2021/07/28-12:31:28.703611 70001019b000             Options.two_write_queues: 0
2021/07/28-12:31:28.703612 70001019b000             Options.manual_wal_flush: 0
2021/07/28-12:31:28.703613 70001019b000             Options.max_background_jobs: 12
2021/07/28-12:31:28.703614 70001019b000             Options.max_background_compactions: -1
2021/07/28-12:31:28.703616 70001019b000             Options.avoid_flush_during_shutdown: 0
2021/07/28-12:31:28.703617 70001019b000           Options.writable_file_max_buffer_size: 1048576
2021/07/28-12:31:28.703618 70001019b000             Options.delayed_write_rate : 16777216
2021/07/28-12:31:28.703619 70001019b000             Options.max_total_wal_size: 0
2021/07/28-12:31:28.703620 70001019b000             Options.delete_obsolete_files_period_micros: 21600000000
2021/07/28-12:31:28.703622 70001019b000                   Options.stats_dump_period_sec: 600
2021/07/28-12:31:28.703623 70001019b000                          Options.max_open_files: -1
2021/07/28-12:31:28.703624 70001019b000                          Options.bytes_per_sync: 0
2021/07/28-12:31:28.703625 70001019b000                      Options.wal_bytes_per_sync: 0
2021/07/28-12:31:28.703626 70001019b000       Options.compaction_readahead_size: 0
2021/07/28-12:31:28.703628 70001019b000 Compression algorithms supported:
2021/07/28-12:31:28.703629 70001019b000 	kZSTD supported: 1
2021/07/28-12:31:28.703631 70001019b000 	kZlibCompression supported: 1
2021/07/28-12:31:28.703632 70001019b000 	kXpressCompression supported: 0
2021/07/28-12:31:28.703634 70001019b000 	kSnappyCompression supported: 1
2021/07/28-12:31:28.703635 70001019b000 	kZSTDNotFinalCompression supported: 1
2021/07/28-12:31:28.703636 70001019b000 	kLZ4HCCompression supported: 1
2021/07/28-12:31:28.703637 70001019b000 	kLZ4Compression supported: 1
2021/07/28-12:31:28.703638 70001019b000 	kBZip2Compression supported: 1
2021/07/28-12:31:28.703640 70001019b000 Fast CRC32 supported: Not supported on x86
2021/07/28-12:31:28.716461 70001019b000               Options.comparator: leveldb.BytewiseComparator
2021/07/28-12:31:28.716469 70001019b000           Options.merge_operator: None
2021/07/28-12:31:28.716470 70001019b000        Options.compaction_filter: None
2021/07/28-12:31:28.716472 70001019b000        Options.compaction_filter_factory: None
2021/07/28-12:31:28.716473 70001019b000         Options.memtable_factory: SkipListFactory
2021/07/28-12:31:28.716474 70001019b000            Options.table_factory: BlockBasedTable
2021/07/28-12:31:28.716495 70001019b000            table_factory options:   flush_block_policy_factory: FlushBlockBySizePolicyFactory (0x7f808bd66200)
  cache_index_and_filter_blocks: 0
  cache_index_and_filter_blocks_with_high_priority: 0
  pin_l0_filter_and_index_blocks_in_cache: 0
  pin_top_level_index_and_filter: 1
  index_type: 0
  hash_index_allow_collision: 1
  checksum: 1
  no_block_cache: 0
  block_cache: 0x7f808bd6b218
  block_cache_name: LRUCache
  block_cache_options:
    capacity : 52428800
    num_shard_bits : 6
    strict_capacity_limit : 0
    memory_allocator : None
    high_pri_pool_ratio: 0.000
  block_cache_compressed: 0x0
  persistent_cache: 0x0
  block_size: 4096
  block_size_deviation: 10
  block_restart_interval: 16
  index_block_restart_interval: 1
  metadata_block_size: 4096
  partition_filters: 0
  use_delta_encoding: 1
  filter_policy: rocksdb.BuiltinBloomFilter
  whole_key_filtering: 1
  verify_compression: 0
  read_amp_bytes_per_bit: 0
  format_version: 0
  enable_index_compression: 1
  block_align: 0
2021/07/28-12:31:28.716536 70001019b000        Options.write_buffer_size: 16777216
2021/07/28-12:31:28.716538 70001019b000  Options.max_write_buffer_number: 3
2021/07/28-12:31:28.716539 70001019b000          Options.compression: NoCompression
2021/07/28-12:31:28.716541 70001019b000                  Options.bottommost_compression: Disabled
2021/07/28-12:31:28.716542 70001019b000       Options.prefix_extractor: nullptr
2021/07/28-12:31:28.716543 70001019b000   Options.memtable_insert_with_hint_prefix_extractor: nullptr
2021/07/28-12:31:28.716544 70001019b000             Options.num_levels: 7
2021/07/28-12:31:28.716545 70001019b000        Options.min_write_buffer_number_to_merge: 1
2021/07/28-12:31:28.716546 70001019b000     Options.max_write_buffer_number_to_maintain: 0
2021/07/28-12:31:28.716547 70001019b000            Options.bottommost_compression_opts.window_bits: -14
2021/07/28-12:31:28.716548 70001019b000                  Options.bottommost_compression_opts.level: 32767
2021/07/28-12:31:28.716549 70001019b000               Options.bottommost_compression_opts.strategy: 0
2021/07/28-12:31:28.716551 70001019b000         Options.bottommost_compression_opts.max_dict_bytes: 0
2021/07/28-12:31:28.716552 70001019b000         Options.bottommost_compression_opts.zstd_max_train_bytes: 0
2021/07/28-12:31:28.716553 70001019b000                  Options.bottommost_compression_opts.enabled: false
2021/07/28-12:31:28.716554 70001019b000            Options.compression_opts.window_bits: -14
2021/07/28-12:31:28.716555 70001019b000                  Options.compression_opts.level: 32767
2021/07/28-12:31:28.716556 70001019b000               Options.compression_opts.strategy: 0
2021/07/28-12:31:28.716557 70001019b000         Options.compression_opts.max_dict_bytes: 0
2021/07/28-12:31:28.716558 70001019b000         Options.compression_opts.zstd_max_train_bytes: 0
2021/07/28-12:31:28.716559 70001019b000                  Options.compression_opts.enabled: false
2021/07/28-12:31:28.716560 70001019b000      Options.level0_file_num_compaction_trigger: 4
2021/07/28-12:31:28.716561 70001019b000          Options.level0_slowdown_writes_trigger: 20
2021/07/28-12:31:28.716562 70001019b000              Options.level0_stop_writes_trigger: 36
2021/07/28-12:31:28.716563 70001019b000                   Options.target_file_size_base: 67108864
2021/07/28-12:31:28.716564 70001019b000             Options.target_file_size_multiplier: 1
2021/07/28-12:31:28.716565 70001019b000                Options.max_bytes_for_level_base: 268435456
2021/07/28-12:31:28.716566 70001019b000 Options.level_compaction_dynamic_level_bytes: 0
2021/07/28-12:31:28.716567 70001019b000          Options.max_bytes_for_level_multiplier: 10.000000
2021/07/28-12:31:28.716569 70001019b000 Options.max_bytes_for_level_multiplier_addtl[0]: 1
2021/07/28-12:31:28.716570 70001019b000 Options.max_bytes_for_level_multiplier_addtl[1]: 1
2021/07/28-12:31:28.716571 70001019b000 Options.max_bytes_for_level_multiplier_addtl[2]: 1
2021/07/28-12:31:28.716572 70001019b000 Options.max_bytes_for_level_multiplier_addtl[3]: 1
2021/07/28-12:31:28.716591 70001019b000 Options.max_bytes_for_level_multiplier_addtl[4]: 1
2021/07/28-12:31:28.716592 70001019b000 Options.max_bytes_for_level_multiplier_addtl[5]: 1
2021/07/28-12:31:28.716593 70001019b000 Options.max_bytes_for_level_multiplier_addtl[6]: 1
2021/07/28-12:31:28.716594 70001019b000       Options.max_sequential_skip_in_iterations: 8
2021/07/28-12:31:28.716595 70001019b000                    Options.max_compaction_bytes: 1677721600
2021/07/28-12:31:28.716596 70001019b000                        Options.arena_block_size: 2097152
2021/07/28-12:31:28.716598 70001019b000   Options.soft_pending_compaction_bytes_limit: 68719476736
2021/07/28-12:31:28.716599 70001019b000   Options.hard_pending_compaction_bytes_limit: 274877906944
2021/07/28-12:31:28.716600 70001019b000       Options.rate_limit_delay_max_milliseconds: 100
2021/07/28-12:31:28.716601 70001019b000                Options.disable_auto_compactions: 0
2021/07/28-12:31:28.716603 70001019b000                        Options.compaction_style: kCompactionStyleUniversal
2021/07/28-12:31:28.716604 70001019b000                          Options.compaction_pri: kByCompensatedSize
2021/07/28-12:31:28.716605 70001019b000 Options.compaction_options_universal.size_ratio: 1
2021/07/28-12:31:28.716606 70001019b000 Options.compaction_options_universal.min_merge_width: 2
2021/07/28-12:31:28.716607 70001019b000 Options.compaction_options_universal.max_merge_width: 4294967295
2021/07/28-12:31:28.716608 70001019b000 Options.compaction_options_universal.max_size_amplification_percent: 200
2021/07/28-12:31:28.716609 70001019b000 Options.compaction_options_universal.compression_size_percent: -1
2021/07/28-12:31:28.716610 70001019b000 Options.compaction_options_universal.stop_style: kCompactionStopStyleTotalSize
2021/07/28-12:31:28.716611 70001019b000 Options.compaction_options_fifo.max_table_files_size: 1073741824
2021/07/28-12:31:28.716612 70001019b000 Options.compaction_options_fifo.allow_compaction: 0
2021/07/28-12:31:28.716613 70001019b000 Options.compaction_options_fifo.ttl: 0
2021/07/28-12:31:28.716615 70001019b000                   Options.table_properties_collectors: 
2021/07/28-12:31:28.716616 70001019b000                   Options.inplace_update_support: 0
2021/07/28-12:31:28.716617 70001019b000                 Options.inplace_update_num_locks: 10000
2021/07/28-12:31:28.716618 70001019b000               Options.memtable_prefix_bloom_size_ratio: 0.000000
2021/07/28-12:31:28.716619 70001019b000   Options.memtable_huge_page_size: 0
2021/07/28-12:31:28.716620 70001019b000                           Options.bloom_locality: 0
2021/07/28-12:31:28.716621 70001019b000                    Options.max_successive_merges: 0
2021/07/28-12:31:28.716622 70001019b000                Options.optimize_filters_for_hits: 0
2021/07/28-12:31:28.716623 70001019b000                Options.paranoid_file_checks: 0
2021/07/28-12:31:28.716624 70001019b000                Options.force_consistency_checks: 0
2021/07/28-12:31:28.716625 70001019b000                Options.report_bg_io_stats: 0
2021/07/28-12:31:28.716626 70001019b000                               Options.ttl: 0
